KLUE-BERT
f1_227 = 0.7946629213483146
f1_454 = 0.8419021364576154
f1_681 = 0.8416967008594399
f1_908 = 0.8445244358299876
f1_1135 = 0.8707297075703744
f1_1362 = 0.8493567575044957
f1_1589 = 0.854949273375377
f1_1816 = 0.8606209820817946
f1_2043 = 0.8526982378854626
f1_2270 = 0.8527581916217338
>>> 5 epoch에서 0.87


