KLUE-BERT
------ 모두의 말뭉치 (신문/구어, old_version, max_len=30)
f1_32729 = 0.8778444308920552
f1_65458 = 0.889435659338962
f1_98187 = 0.8855728244620713
f1_130916 = 0.8878409985257114
f1_163645 = 0.8873448757788049
f1_196374 = 0.883750116409531
f1_229103 = 0.8826415447150852
f1_261832 = 0.8842449023175935
f1_294561 = 0.8835541393030163
f1_327290 = 0.8817943081854944
>>> f1_130916 = 0.8878409985257114

#========================================

KLUE_BERT + Bi-LSTM + CRF(torchcrf, old_version nikl, max_len=30)
f1_4092 = 0.9094408924857841
f1_8184 = 0.9166095094807176
f1_12276 = 0.9178496491488509
f1_16368 = 0.917240658874153
f1_20460 = 0.9155975872315438
f1_24552 = 0.9159569068879388
f1_28644 = 0.9112653373034044
f1_32736 = 0.9105573907981113
f1_36828 = 0.9078887389279681
f1_40920 = 0.9129078860378821

>>> f1_12276 = 0.9178496491488509

#========================================

KLUE-BERT
------ 모두의 말뭉치 (신문/구어, old_version, max_len=128)
f1_4092 = 0.9030990035652254
f1_8184 = 0.9068703686762418
f1_12276 = 0.9106136697697207
f1_16368 = 0.912630825246416
f1_20460 = 0.912090595525167
f1_24552 = 0.9084047922195462
f1_28644 = 0.9137281805015626
f1_32736 = 0.905662696888206
f1_36828 = 0.9067705945285037
f1_40920 = 0.9036770583533174


>>>> f1_28644 = 0.9137281805015626