KLUE-BERT
------ 모두의 말뭉치 (신문/구어, old_version, max_len=30)
f1_32729 = 0.8778444308920552
f1_65458 = 0.889435659338962
f1_98187 = 0.8855728244620713
f1_130916 = 0.8878409985257114
f1_163645 = 0.8873448757788049
f1_196374 = 0.883750116409531
f1_229103 = 0.8826415447150852
f1_261832 = 0.8842449023175935
f1_294561 = 0.8835541393030163
f1_327290 = 0.8817943081854944
>>> f1_130916 = 0.8878409985257114

#========================================

KLUE_BERT + Bi-LSTM + CRF(torchcrf, old_version nikl, max_len=30)
f1_4092 = 0.9094408924857841
f1_8184 = 0.9166095094807176
f1_12276 = 0.9178496491488509
f1_16368 = 0.917240658874153
f1_20460 = 0.9155975872315438
f1_24552 = 0.9159569068879388
f1_28644 = 0.9112653373034044
f1_32736 = 0.9105573907981113
f1_36828 = 0.9078887389279681
f1_40920 = 0.9129078860378821

>>> f1_12276 = 0.9178496491488509

#========================================

KLUE-BERT
------ 모두의 말뭉치 (신문/구어, old_version, max_len=128)
f1_4092 = 0.9030990035652254
f1_8184 = 0.9068703686762418
f1_12276 = 0.9106136697697207
f1_16368 = 0.912630825246416
f1_20460 = 0.912090595525167
f1_24552 = 0.9084047922195462
f1_28644 = 0.9137281805015626
f1_32736 = 0.905662696888206
f1_36828 = 0.9067705945285037
f1_40920 = 0.9036770583533174


>>>> f1_28644 = 0.9137281805015626


#========================================

KLUE-BERT - LSTM - CRF
------ 모두의 말뭉치 (신문/구어, old_version, max_len=128)
f1_2046 = 0.9038722153700912
f1_4092 = 0.8984436336766267
f1_6138 = 0.9113003835076317
f1_8184 = 0.9155633198479833
f1_10230 = 0.9181573966664631
f1_12276 = 0.9116511399852905
f1_14322 = 0.9125571232939945
f1_16368 = 0.9190899917438767
f1_18414 = 0.9142830865446518
f1_20460 = 0.9149865848984284
f1_22506 = 0.9098913910535681
f1_24552 = 0.9129010931566243
f1_26598 = 0.9124006993221484
f1_28644 = 0.9139207387456713
f1_30690 = 0.9166999293806994
f1_32736 = 0.9165607922974482
f1_34782 = 0.9119330420333559
f1_36828 = 0.9142663816568501
f1_38874 = 0.9171620355436768
f1_40920 = 0.9140011374291028


>>>> f1_16368 = 0.9190899917438767


#========================================
charELECTRA - LAN (old_nikl, maxlen=128), 모델 좀 잘 못 구현한거
f1_4092 = 0.554366149696561
f1_8184 = 0.775919632743099
f1_12276 = 0.8439654165206216
f1_16368 = 0.8707412608085137
f1_20460 = 0.8743268821621938
f1_24552 = 0.8933598665535102
f1_28644 = 0.8883035083588415
f1_32736 = 0.9003976995520335
f1_36828 = 0.8990087202802415
f1_40920 = 0.9080337011985286

>>>> f1_40920 = 0.9080337011985286

#========================================
charELECTRA - LAN (old_nikl, maxlen=128)
 - label embed = 400, lan layer 3

f1_4092 = 0.6040768612552057
f1_8184 = 0.850894929978282
f1_12276 = 0.8962870773698404
f1_16368 = 0.8849491210454539
f1_20460 = 0.9097922147016226
f1_24552 = 0.8981053259734447
f1_28644 = 0.9092467524790517
f1_32736 = 0.9054646274930686
f1_36828 = 0.9119232716766449
f1_40920 = 0.9162957815203087

>>>> f1_40920 = 0.9162957815203087
더 올릴 수 잇을 거 같은데 5에폭 더?
>>> 안올라감

#========================================
KLUE/RoBERTa-base (old_nikl, maxlen=128)

f1_4092 = 0.8999109363963023
f1_8184 = 0.9132181110029212
f1_12276 = 0.9039008719596144
f1_16368 = 0.9161077414327838
f1_20460 = 0.9103026597370835
f1_24552 = 0.9183453182723446
f1_28644 = 0.9080096864175581
f1_32736 = 0.9121598873687753
f1_36828 = 0.9110782505297498
f1_40920 = 0.9039892756436926

>>> f1_24552 = 0.9183453182723446