KLUE-BERT
------ 모두의 말뭉치 (신문/구어, old_version, max_len=30)
f1_32729 = 0.8778444308920552
f1_65458 = 0.889435659338962
f1_98187 = 0.8855728244620713
f1_130916 = 0.8878409985257114
f1_163645 = 0.8873448757788049
f1_196374 = 0.883750116409531
f1_229103 = 0.8826415447150852
f1_261832 = 0.8842449023175935
f1_294561 = 0.8835541393030163
f1_327290 = 0.8817943081854944
>>> f1_130916 = 0.8878409985257114

#========================================

KLUE_BERT + Bi-LSTM + CRF(torchcrf)
f1_227 = 0.48187022900763354
f1_454 = 0.8037540271746744
f1_681 = 0.8224965706447187
f1_908 = 0.8501026694045175
f1_1135 = 0.852728018597019
f1_1362 = 0.8506126944788654
f1_1589 = 0.8684460100257418
f1_1816 = 0.8411626945860311
f1_2043 = 0.8299600715957592
f1_2270 = 0.8610503282275711

>>> f1_1589 = 0.8684460100257418